-10.72791942984259
-11.240376644929565
-11.260932616564752
-11.357034826811002
-11.36042539867751
-11.437573238763061
-11.462126501418815
-11.471721525253152
-11.482410052682908
-11.482970095539258
-11.497511645735202
-11.507137965122372
-11.539074489657182
-11.551382302222986
-11.552366318750643
-11.559655867283855
-11.56747447827593
-11.591041256465811
-11.602420476553398
-11.61872323291917
-11.635987638444615
-11.64814471876069
-11.652964490435519
-11.655971282922014
-11.6894175939168
-11.722542254818979
-11.756458049052814
-11.756630088126023
-11.75734837878068
-11.771243698450263
-11.772915966219006
-11.77476519410273
-11.775217459821423
-11.785172147917173
-11.785918594700398
-11.794349584117764
-11.815482876901516
-11.833030537002234
-11.843635080846592
-11.847128561111113
-11.851112414573333
-11.858131483290805
-11.859196330643503
-11.86417822532669
-11.870822011776092
-11.873190574766777
-11.88302420648591
-11.88459971127456
-11.887334451698724
-11.888565309793933
-11.891462745456714
-11.893728581736418
-11.90581207928901
-11.908432704126831
-11.919344795954391
-11.925276356208649
-11.934896198550561
-11.937744050831988
-11.943820130561253
-11.949286706414831
-11.950515016037048
-11.955302382836457
-11.95661960483094
-11.969694788829923
